10,160
10,75
10,144
10,142
10,26
10,65
10,209
10,168
11,5
11,7
11,16
20,3
20,2
20,1
19,3
19,2
19,1
18,3
18,1
12,3
12,2
12,1
11,28
11,27
14,1
11,26
11,25
11,23
11,22
11,20
11,18
11,17
14,3
11,15
11,14
11,13
13,1
13,3
11,12
11,11
11,10
11,9
11,8
11,6
11,3
11,2
11,1
10,295
10,285
10,281
10,280
10,279
10,258
10,254
10,233
10,221
10,217
10,214
10,198
10,195
10,192
10,190
10,150
10,134
10,122
10,115
10,100
10,94
10,88
10,86
10,82
10,78
10,72
10,68
10,30
10,15
10,13
10,6
10,3
10,2
10,1
9,7
9,6
9,5
9,4
9,3
9,2
9,1
8,18
8,17
8,16
8,15
8,14
8,13
8,12
8,11
8,10
8,9
8,8
8,7
8,6
8,5
8,4
8,3
8,2
8,1
3,3
3,2
3,1
2,3
2,2
2,1
